148000000 0
148100000 0
148200000 0
148300000 0
148400000 0
148500000 0
148600000 0
148700000 0
148800000 0
148900000 0
149000000 0
149100000 0
149200000 0
149300000 0
149400000 0
149500000 0
149600000 0
149700000 0
149800000 0
149900000 0
150000000 0
150100000 0
150200000 0
150300000 0
150400000 0
150500000 0
150600000 0
150700000 0
150800000 0
150900000 0
151000000 0
151100000 0
151200000 0
151300000 0
151400000 0
151500000 0
151600000 0
151700000 1
151800000 0
151900000 0